0.28525974835527495577
0.29240715087172219899
0.29955455338816944222
0.30670195590461668544
0.31384935842106398418
0.32099676093751122741
0.32814416345395847063
0.33529156597040571386
0.34243896848685295708
0.34958637100330020031
0.35673377351974744354
0.36388117603619474227
0.37102857855264192999
0.37817598106908922873
0.38532338358553647195
0.39247078610198371518
0.3996181886184309584
0.40676559113487820163
0.41391299365132544485
0.42106039616777268808
0.42820779868421998682
0.43535520120066717453
0.44250260371711447327
0.4496500062335617165
0.45679740875000895972
0.46394481126645620295
0.47109221378290344617
0.47823961629935074491
0.48538701881579793262
0.49253442133224523136
0.49968182384869247459
0.50682922636513971781
0.51397662888158701655
0.52112403139803420427
0.52827143391448139198
0.53541883643092869072
0.54256623894737598945
0.54971364146382328819
0.55686104398027047591
0.56400844649671766362
0.57115584901316496236
0.57830325152961226109
0.58545065404605944881
0.59259805656250663652
0.59974545907895393526
0.606892861595401234
0.61404026411184853274
0.62118766662829572045
0.62833506914474290816
0.6354824716611902069
0.64262987417763750564
0.64977727669408469335
0.65692467921053188107
0.66407208172697917981
0.67121948424342647854
0.67836688675987377728
0.68551428927632096499
0.69266169179276815271
0.69980909430921545145
0.70695649682566275018
0.71410389934211004892
0.72125130185855723663
0.72839870437500442435
0.73554610689145172309
0.74269350940789902182
0.74984091192434620954
0.75698831444079339725
0.76413571695724069599
0.77128311947368799473
0.77843052199013529346
0.78557792450658237016
0.79272532702302966889
0.79987272953947696763
0.80702013205592426637
0.8141675345723715651
0.8213149370888186418
0.82846233960526594053
0.83560974212171323927
0.84275714463816053801
0.8499045471546076147
0.85705194967105491344
0.86419935218750221217
0.87134675470394951091
0.87849415722039680965
0.88564155973684388634
0.89278896225329118508
0.89993636476973848382
0.90708376728618578255
0.91423116980263308129
0.92137857231908015798
0.92852597483552745672
0.93567337735197475546
0.94282077986842205419
0.94996818238486913089
0.95711558490131642962
0.96426298741776372836
0.9714103899342110271
0.97855779245065832583
0.98570519496710540253
0.99285259748355270126
1
