0
0.007147402516447298737
0.014294805032894597474
0.021442207549341674166
0.028589610065788972904
0.035737012582236271641
0.042884415098683570378
0.050031817615130869115
0.057179220131577945807
0.064326622648025244544
0.071474025164472543281
0.078621427680919842018
0.085768830197366918711
0.092916232713814217448
0.10006363523026151618
0.10721103774670881492
0.11435844026315611366
0.12150584277960319035
0.12865324529605048909
0.13580064781249778783
0.14294805032894508656
0.1500954528453923853
0.15724285536183946199
0.16439025787828676073
0.17153766039473405947
0.1786850629111813582
0.1858324654276284349
0.19297986794407573363
0.20012727046052303237
0.20727467297697033111
0.21442207549341762984
0.22156947800986470654
0.22871688052631200527
0.23586428304275930401
0.24301168555920660275
0.25015908807565379046
0.25730649059210097818
0.26445389310854827691
0.27160129562499557565
0.27874869814144276337
0.28589610065788995108
0.29304350317433724982
0.30019090569078454855
0.30733830820723184729
0.31448571072367903501
0.32163311324012622272
0.32878051575657352146
0.33592791827302082019
0.34307532078946811893
0.35022272330591530665
0.35737012582236249436
0.3645175283388097931
0.37166493085525709184
0.37881233337170427955
0.38595973588815146726
0.393107138404598766
0.40025454092104606474
0.40740194343749336348
0.41454934595394055119
0.42169674847038773891
0.42884415098683503764
0.43599155350328233638
0.44313895601972952409
0.45028635853617671181
0.45743376105262401055
0.46458116356907130928
0.47172856608551860802
0.47887596860196579573
0.48602337111841298345
0.49317077363486028219
0.50031817615130758092
0.50746557866775476864
0.51461298118420206738
0.52176038370064925509
0.52890778621709655383
0.53605518873354385256
0.54320259124999104028
0.55034999376643822799
0.55749739628288552673
0.56464479879933282547
0.57179220131578001318
0.57893960383222731192
0.58608700634867449963
0.59323440886512179837
0.60038181138156909711
0.60752921389801628482
0.61467661641446347254
0.62182401893091077127
0.62897142144735807001
0.63611882396380525773
0.64326622648025255646
0.65041362899669974418
0.65756103151314704292
0.66470843402959434165
0.67185583654604152937
0.67900323906248871708
0.68615064157893601582
0.69329804409538331456
0.70044544661183061329
0.70759284912827780101
0.71474025164472498872
