0
9.9999999999999493118e-13
6.3999999999999675595e-11
7.2899999999999582823e-10
4.0960000000000263874e-09
1.562500000000005885e-08
4.6656000000000083731e-08
1.1764900000000006305e-07
2.6214400000000004767e-07
5.3144099999999986828e-07
9.999999999999986842e-07
1.7715610000000053904e-06
2.9859839999999951944e-06
4.8268090000000073386e-06
7.5295360000000040353e-06
1.1390625000000010903e-05
1.6777216000000003051e-05
2.4137568999999985738e-05
3.401222399999999157e-05
4.7045880999999963739e-05
6.4000000000000078419e-05
8.5766120999999914741e-05
0.00011337990400000008749
0.00014803588900000002704
0.00019110297600000009902
0.000244140625
0.0003089157760000000902
0.00038742048900000062173
0.00048189030399999971616
0.00059482332100000041841
0.00072900000000000069779
0.00088750368099999997918
0.0010737418240000023636
0.0012914679690000003837
0.0015448044159999975693
0.0018382656249999994053
0.0021767823360000016289
0.0025657264090000043814
0.0030109363840000028835
0.0035187437609999977842
0.0040960000000000015494
0.0047501042410000061944
0.0054890317439999988802
0.0063213630489999898115
0.0072563138560000003952
0.0083037656250000077551
0.0094742968960000156081
0.0107792153290000043
0.01223059046399998899
0.013841287200999998624
0.015625000000000020817
0.017596287801000001089
0.019770609663999978017
0.022164361129000005601
0.024794911296000008566
0.027680640625000047655
0.030840979456000016529
0.034296447248999981094
0.038068692543999985145
0.042180533641000036993
0.046656000000000044658
0.051520374361000050023
0.056800235583999998668
0.062523502209000006435
0.068719476736000081885
0.075418890625000012395
0.082653950015999941292
0.090458382169000026152
0.098867482624000038727
0.10791816308100016242
0.11764899999999983704
0.12810028392099984118
0.13931406950399996547
0.15133422628899997897
0.16420649017600014163
0.17797851562499983347
0.19269992857599985148
0.20842238008900002
0.22519960070400005248
0.24308745552099966791
0.26214399999999965507
0.28242953648099988762
0.30400667142400011889
0.3269403733690001701
0.35129803161599965078
0.37714951562499965387
0.40456723513599995856
0.43362620100900001185
0.46440408678400035836
0.49698129096099968871
0.53144099999999971917
0.56786925204100013875
0.60635500134400011074
0.64699018344899927868
0.68986978105599972011
0.73509189062499979972
0.78275778969600040558
0.83297200492900047575
0.88584238086399935685
0.94148014940099933323
1
