0
4.6559452595001625056e-06
3.6510097216000712904e-05
0.00012078240802649901854
0.00028063349964799845287
0.00053727027343750143919
0.00091004824339200240599
0.0014165706409085100995
0.0020727843389439968257
0.0028930726434554967889
0.0038903450000000085879
0.0050761236633745125332
0.0064606273781759836206
0.0080528521181615006497
0.0098606489322880016418
0.011890798945312527207
0.014149085560832032338
0.016640363914643477306
0.019368627626303980271
0.022337072896770518438
0.025548160000000055825
0.029003672216389563693
0.032704772255935994629
0.036652056218996489911
0.04084560514252803809
0.045285034179687551348
0.04996953946067195923
0.054897942682678495252
0.060068733476864005771
0.065480109600185576468
0.071130015000000088032
0.077016175799304392724
0.083136134250495957732
0.089487280705531468961
0.096066883650368042891
0.10287211785156248622
0.10990009066291191175
0.11714786654001346777
0.12461248981062400532
0.13229100574870042428
0.14018047999999991293
0.14827801640711943398
0.15658077328185601718
0.1650859781727665454
0.17379094117580798362
0.18269306683593736218
0.19178986468755196415
0.20107895848164850094
0.21055809414758408504
0.2202251465373154804
0.23007812499999988343
0.24011517783483446453
0.25033459567001598023
0.26073481381570151605
0.27131441363884784002
0.28207212300781242531
0.29300681585459203982
0.30411751090258359875
0.31540336960774406627
0.32686369336103038297
0.33849791999999995218
0.35030561967744955343
0.36228649013497582487
0.37444035142933634885
0.3867671401594878211
0.39926690324218755412
0.41193979128403218626
0.42478605159781840372
0.43780602091110387697
0.45100011781484539153
0.4643688349999998688
0.4779127313299644797
0.49163242379673594007
0.50552857940867135245
0.51960190705772790754
0.5338531494140624778
0.54828307489587202461
0.56289246976235340902
0.57768213037766402707
0.59265285569376058294
0.60780543999999991911
0.62314066598737960501
0.63865929817529609736
0.65436207674870650042
0.67024971185356796433
0.68632287839843730826
0.70258221141011190092
0.71902830199118850096
0.73566169392742386535
0.75248288099277527152
0.76949230499999998756
0.78669035464469461161
0.80407736519065597935
0.82165361904444145225
0.83941934726700795366
0.85737473207031245082
0.87551991034675191727
0.89385497827932347548
0.91237999708038386437
0.93109499990689037485
0.94999999999999995559
